CameraInfo(uid=1, R=array([[-0.93988831, -0.03140634,  0.34003472],
       [ 0.07299897, -0.99122231,  0.11022467],
       [ 0.33358824,  0.12842106,  0.93393089]]), T=array([1.67451992, 0.52178285, 6.39316136]), FovY=0.30475505179402135, FovX=0.5330297222432568, image=<PIL.PngImagePlugin.PngImageFile image mode=RGB size=3840x2160 at 0x7F1EDF7F1F90>, image_path='/home/vrlab/hongyu/data/jywq/output_dense/images/0001.png', image_name='0001', width=3840, height=2160)
CameraInfo(uid=1, R=array([[-0.99039325, -0.01432904, -0.13753505],
       [-0.00517025, -0.99008382,  0.14038268],
       [-0.13818277,  0.13974515,  0.98049825]]), T=array([-0.26725491,  0.60644342,  7.14334502]), FovY=0.30475505179402135, FovX=0.5330297222432568, image=<PIL.PngImagePlugin.PngImageFile image mode=RGB size=3840x2160 at 0x7F1EF6AAF090>, image_path='/home/vrlab/hongyu/data/jywq/output_dense/images/0002.png', image_name='0002', width=3840, height=2160)
CameraInfo(uid=1, R=array([[-0.77969218, -0.0408005 , -0.62483232],
       [-0.05481524, -0.9895964 ,  0.13301976],
       [-0.62375909,  0.1379648 ,  0.76934408]]), T=array([-2.49053652,  0.60320194,  6.41311076]), FovY=0.30475505179402135, FovX=0.5330297222432568, image=<PIL.PngImagePlugin.PngImageFile image mode=RGB size=3840x2160 at 0x7F1EDF78F1D0>, image_path='/home/vrlab/hongyu/data/jywq/output_dense/images/0003.png', image_name='0003', width=3840, height=2160)
CameraInfo(uid=1, R=array([[-0.36468195, -0.06516178, -0.9288493 ],
       [-0.10589354, -0.98817404,  0.11089919],
       [-0.92509115,  0.13880207,  0.35346902]]), T=array([-3.88736669,  0.6060246 ,  5.30736749]), FovY=0.30475505179402135, FovX=0.5330297222432568, image=<PIL.PngImagePlugin.PngImageFile image mode=RGB size=3840x2160 at 0x7F1EDF794C10>, image_path='/home/vrlab/hongyu/data/jywq/output_dense/images/0004.png', image_name='0004', width=3840, height=2160)
CameraInfo(uid=1, R=array([[ 0.23698894, -0.07750108, -0.96841614],
       [-0.0832205 , -0.99476854,  0.05924447],
       [-0.96794142,  0.06655179, -0.24219882]]), T=array([-4.46771816,  0.32585014,  2.3645104 ]), FovY=0.30475505179402135, FovX=0.5330297222432568, image=<PIL.PngImagePlugin.PngImageFile image mode=RGB size=3840x2160 at 0x7F1EDF794990>, image_path='/home/vrlab/hongyu/data/jywq/output_dense/images/0005.png', image_name='0005', width=3840, height=2160)
CameraInfo(uid=1, R=array([[ 0.69015113, -0.06866936, -0.72039985],
       [-0.06754773, -0.99725438,  0.03034797],
       [-0.72050588,  0.02771669, -0.6928947 ]]), T=array([-3.50206985,  0.21914441,  0.36267867]), FovY=0.30475505179402135, FovX=0.5330297222432568, image=<PIL.PngImagePlugin.PngImageFile image mode=RGB size=3840x2160 at 0x7F1EDF7949D0>, image_path='/home/vrlab/hongyu/data/jywq/output_dense/images/0006.png', image_name='0006', width=3840, height=2160)
CameraInfo(uid=1, R=array([[ 0.99950097, -0.00417877,  0.03131047],
       [-0.00288939, -0.99915032, -0.04111301],
       [ 0.03145567,  0.04100203, -0.99866379]]), T=array([-0.11928574,  0.16654772, -1.20237244]), FovY=0.30475505179402135, FovX=0.5330297222432568, image=<PIL.PngImagePlugin.PngImageFile image mode=RGB size=3840x2160 at 0x7F1EDF794A10>, image_path='/home/vrlab/hongyu/data/jywq/output_dense/images/0007.png', image_name='0007', width=3840, height=2160)
CameraInfo(uid=1, R=array([[ 0.82050787,  0.01456888,  0.57144955],
       [ 0.04345855, -0.99837184, -0.03694626],
       [ 0.56998087,  0.05514906, -0.81980509]]), T=array([ 2.15648278,  0.22734481, -0.51872654]), FovY=0.30475505179402135, FovX=0.5330297222432568, image=<PIL.PngImagePlugin.PngImageFile image mode=RGB size=3840x2160 at 0x7F1EDF7947D0>, image_path='/home/vrlab/hongyu/data/jywq/output_dense/images/0008.png', image_name='0008', width=3840, height=2160)
CameraInfo(uid=1, R=array([[ 0.46933353,  0.04702152,  0.88176812],
       [ 0.07556636, -0.9970567 ,  0.01294818],
       [ 0.87978166,  0.06055499, -0.47150539]]), T=array([3.76709694, 0.32151665, 0.9028367 ]), FovY=0.30475505179402135, FovX=0.5330297222432568, image=<PIL.PngImagePlugin.PngImageFile image mode=RGB size=3840x2160 at 0x7F1EDF794910>, image_path='/home/vrlab/hongyu/data/jywq/output_dense/images/0009.png', image_name='0009', width=3840, height=2160)
CameraInfo(uid=1, R=array([[-0.04881945,  0.05115578,  0.99749674],
       [ 0.1110348 , -0.99221943,  0.0563194 ],
       [ 0.99261671,  0.11350634,  0.04275953]]), T=array([4.40472804, 0.56056596, 3.14565509]), FovY=0.30475505179402135, FovX=0.5330297222432568, image=<PIL.PngImagePlugin.PngImageFile image mode=RGB size=3840x2160 at 0x7F1EDF794790>, image_path='/home/vrlab/hongyu/data/jywq/output_dense/images/0010.png', image_name='0010', width=3840, height=2160)
CameraInfo(uid=1, R=array([[-0.56246918,  0.01700519,  0.82664336],
       [ 0.07064449, -0.99514404,  0.0685398 ],
       [ 0.82379474,  0.09694932,  0.55853653]]), T=array([3.72016572, 0.46979148, 4.60282924]), FovY=0.30475505179402135, FovX=0.5330297222432568, image=<PIL.PngImagePlugin.PngImageFile image mode=RGB size=3840x2160 at 0x7F1EDF794A90>, image_path='/home/vrlab/hongyu/data/jywq/output_dense/images/0011.png', image_name='0011', width=3840, height=2160)
CameraInfo(uid=1, R=array([[-0.3706251 ,  0.0590874 ,  0.92690114],
       [ 0.09832311, -0.98987042,  0.1024164 ],
       [ 0.92356353,  0.12909389,  0.36106116]]), T=array([4.1720424 , 1.13674318, 4.31362887]), FovY=0.30475505179402135, FovX=0.5330297222432568, image=<PIL.PngImagePlugin.PngImageFile image mode=RGB size=3840x2160 at 0x7F1EDF794F90>, image_path='/home/vrlab/hongyu/data/jywq/output_dense/images/0012.png', image_name='0012', width=3840, height=2160)
CameraInfo(uid=1, R=array([[ 0.5665668 , -0.01930207,  0.82378971],
       [ 0.04243759, -0.99771543, -0.05256403],
       [ 0.8229223 ,  0.06474069, -0.56445331]]), T=array([3.27076765, 0.7075139 , 0.50741706]), FovY=0.30475505179402135, FovX=0.5330297222432568, image=<PIL.PngImagePlugin.PngImageFile image mode=RGB size=3840x2160 at 0x7F1EDF794E50>, image_path='/home/vrlab/hongyu/data/jywq/output_dense/images/0013.png', image_name='0013', width=3840, height=2160)
CameraInfo(uid=1, R=array([[ 0.90832397, -0.00198124,  0.41826264],
       [ 0.02284255, -0.99826146, -0.05433484],
       [ 0.41764313,  0.05890782, -0.90669956]]), T=array([ 1.59799646,  0.7378565 , -0.94007387]), FovY=0.30475505179402135, FovX=0.5330297222432568, image=<PIL.PngImagePlugin.PngImageFile image mode=RGB size=3840x2160 at 0x7F1EDF794F50>, image_path='/home/vrlab/hongyu/data/jywq/output_dense/images/0014.png', image_name='0014', width=3840, height=2160)
CameraInfo(uid=1, R=array([[ 0.99506677, -0.01546072, -0.09799538],
       [-0.02406883, -0.99589317, -0.08727826],
       [-0.09624354,  0.08920633, -0.99135231]]), T=array([-0.7381825 ,  0.73074918, -1.30190075]), FovY=0.30475505179402135, FovX=0.5330297222432568, image=<PIL.PngImagePlugin.PngImageFile image mode=RGB size=3840x2160 at 0x7F1EDF794890>, image_path='/home/vrlab/hongyu/data/jywq/output_dense/images/0015.png', image_name='0015', width=3840, height=2160)
CameraInfo(uid=1, R=array([[ 0.81547772, -0.01242911, -0.578655  ],
       [-0.06034984, -0.99614571, -0.06365235],
       [-0.57563355,  0.08682881, -0.81308473]]), T=array([-2.75663755,  0.71265289, -0.35340594]), FovY=0.30475505179402135, FovX=0.5330297222432568, image=<PIL.PngImagePlugin.PngImageFile image mode=RGB size=3840x2160 at 0x7F1EDF7A50D0>, image_path='/home/vrlab/hongyu/data/jywq/output_dense/images/0016.png', image_name='0016', width=3840, height=2160)
CameraInfo(uid=1, R=array([[ 0.40856346, -0.02760282, -0.91231244],
       [-0.06214446, -0.99806436,  0.002367  ],
       [-0.91061186,  0.05572809, -0.40948799]]), T=array([-4.16254607,  0.64371041,  1.45708386]), FovY=0.30475505179402135, FovX=0.5330297222432568, image=<PIL.PngImagePlugin.PngImageFile image mode=RGB size=3840x2160 at 0x7F1EDF7A52D0>, image_path='/home/vrlab/hongyu/data/jywq/output_dense/images/0017.png', image_name='0017', width=3840, height=2160)
CameraInfo(uid=1, R=array([[-0.17151079, -0.02621531, -0.98483339],
       [-0.08491279, -0.99553259,  0.04128785],
       [-0.98151611,  0.09070626,  0.16851857]]), T=array([-4.18337162,  0.76849666,  4.01629919]), FovY=0.30475505179402135, FovX=0.5330297222432568, image=<PIL.PngImagePlugin.PngImageFile image mode=RGB size=3840x2160 at 0x7F1EDF7A5390>, image_path='/home/vrlab/hongyu/data/jywq/output_dense/images/0018.png', image_name='0018', width=3840, height=2160)
CameraInfo(uid=1, R=array([[-0.67024578, -0.01742879, -0.74193452],
       [-0.06416419, -0.9946198 ,  0.081329  ],
       [-0.73936023,  0.10211605,  0.66552142]]), T=array([-2.94079424,  0.80736279,  6.21472559]), FovY=0.30475505179402135, FovX=0.5330297222432568, image=<PIL.PngImagePlugin.PngImageFile image mode=RGB size=3840x2160 at 0x7F1EDF7A5550>, image_path='/home/vrlab/hongyu/data/jywq/output_dense/images/0019.png', image_name='0019', width=3840, height=2160)
CameraInfo(uid=1, R=array([[-0.95791432, -0.03501463, -0.28491076],
       [ 0.00631774, -0.99486389,  0.10102437],
       [-0.28698476,  0.0949727 ,  0.95321558]]), T=array([-0.91707144,  0.79547967,  7.4238295 ]), FovY=0.30475505179402135, FovX=0.5330297222432568, image=<PIL.PngImagePlugin.PngImageFile image mode=RGB size=3840x2160 at 0x7F1EDF7A56D0>, image_path='/home/vrlab/hongyu/data/jywq/output_dense/images/0020.png', image_name='0020', width=3840, height=2160)
CameraInfo(uid=1, R=array([[-0.97115664,  0.00631917,  0.23835867],
       [ 0.02545407, -0.991189  ,  0.12998637],
       [ 0.2370799 ,  0.13230432,  0.96243893]]), T=array([1.29728373, 1.0468549 , 7.18143921]), FovY=0.30475505179402135, FovX=0.5330297222432568, image=<PIL.PngImagePlugin.PngImageFile image mode=RGB size=3840x2160 at 0x7F1EDF7A5150>, image_path='/home/vrlab/hongyu/data/jywq/output_dense/images/0021.png', image_name='0021', width=3840, height=2160)
CameraInfo(uid=1, R=array([[-0.92089472, -0.07211134,  0.38308337],
       [ 0.09117004, -0.99532734,  0.0318041 ],
       [ 0.37899992,  0.06421395,  0.92316609]]), T=array([1.95261261, 0.99693046, 7.03397965]), FovY=0.30475505179402135, FovX=0.5330297222432568, image=<PIL.PngImagePlugin.PngImageFile image mode=RGB size=3840x2160 at 0x7F1EDF7A54D0>, image_path='/home/vrlab/hongyu/data/jywq/output_dense/images/0022.png', image_name='0022', width=3840, height=2160)
CameraInfo(uid=1, R=array([[-0.98012638, -0.04719929, -0.19267723],
       [ 0.04159686, -0.99858864,  0.03302152],
       [-0.19396389,  0.02435049,  0.98070641]]), T=array([-0.71260979,  0.78602348,  7.45134642]), FovY=0.30475505179402135, FovX=0.5330297222432568, image=<PIL.PngImagePlugin.PngImageFile image mode=RGB size=3840x2160 at 0x7F1EDF7A5050>, image_path='/home/vrlab/hongyu/data/jywq/output_dense/images/0023.png', image_name='0023', width=3840, height=2160)
CameraInfo(uid=1, R=array([[-0.76519562,  0.02403639, -0.64334898],
       [-0.02978467, -0.9995545 , -0.00191899],
       [-0.64310849,  0.01769353,  0.76557064]]), T=array([-2.64579634,  0.65876919,  6.69626471]), FovY=0.30475505179402135, FovX=0.5330297222432568, image=<PIL.PngImagePlugin.PngImageFile image mode=RGB size=3840x2160 at 0x7F1EDF7A5250>, image_path='/home/vrlab/hongyu/data/jywq/output_dense/images/0024.png', image_name='0024', width=3840, height=2160)
CameraInfo(uid=1, R=array([[-0.36455318,  0.05945832, -0.92928235],
       [-0.06001188, -0.9973849 , -0.04027334],
       [-0.92924677,  0.04108621,  0.36716804]]), T=array([-3.91049838,  0.71822144,  5.0234827 ]), FovY=0.30475505179402135, FovX=0.5330297222432568, image=<PIL.PngImagePlugin.PngImageFile image mode=RGB size=3840x2160 at 0x7F1EDF7A5A10>, image_path='/home/vrlab/hongyu/data/jywq/output_dense/images/0025.png', image_name='0025', width=3840, height=2160)
CameraInfo(uid=1, R=array([[ 0.1585659 ,  0.08044348, -0.9840659 ],
       [-0.07839596, -0.99250296, -0.09376538],
       [-0.98423114,  0.09201478, -0.15107068]]), T=array([-4.29497423,  0.91448157,  2.73802285]), FovY=0.30475505179402135, FovX=0.5330297222432568, image=<PIL.PngImagePlugin.PngImageFile image mode=RGB size=3840x2160 at 0x7F1EDF7A5790>, image_path='/home/vrlab/hongyu/data/jywq/output_dense/images/0026.png', image_name='0026', width=3840, height=2160)
CameraInfo(uid=1, R=array([[ 0.63914431,  0.04129343, -0.76797747],
       [-0.08650685, -0.98836079, -0.125138  ],
       [-0.7642062 ,  0.14641656, -0.62813301]]), T=array([-3.45229657,  1.21296955,  0.64508284]), FovY=0.30475505179402135, FovX=0.5330297222432568, image=<PIL.PngImagePlugin.PngImageFile image mode=RGB size=3840x2160 at 0x7F1EDF7A5A90>, image_path='/home/vrlab/hongyu/data/jywq/output_dense/images/0027.png', image_name='0027', width=3840, height=2160)
CameraInfo(uid=1, R=array([[ 0.89664386,  0.01645362, -0.44244668],
       [-0.06156885, -0.9849664 , -0.16140159],
       [-0.43845075,  0.17196068, -0.88215104]]), T=array([-2.02805785,  1.30964448, -0.53243554]), FovY=0.30475505179402135, FovX=0.5330297222432568, image=<PIL.PngImagePlugin.PngImageFile image mode=RGB size=3840x2160 at 0x7F1EDF7A5C10>, image_path='/home/vrlab/hongyu/data/jywq/output_dense/images/0028.png', image_name='0028', width=3840, height=2160)
CameraInfo(uid=1, R=array([[ 0.99736695, -0.06975923,  0.01981966],
       [-0.06601436, -0.98646679, -0.15008456],
       [ 0.03002122,  0.14838099, -0.98847448]]), T=array([-0.0334913 ,  1.31574221, -1.19149838]), FovY=0.30475505179402135, FovX=0.5330297222432568, image=<PIL.PngImagePlugin.PngImageFile image mode=RGB size=3840x2160 at 0x7F1EDF7A5C90>, image_path='/home/vrlab/hongyu/data/jywq/output_dense/images/0029.png', image_name='0029', width=3840, height=2160)
CameraInfo(uid=1, R=array([[ 0.84171279, -0.07094992,  0.53524358],
       [ 0.02240021, -0.98588619, -0.16591156],
       [ 0.53946067,  0.15163945, -0.82824372]]), T=array([ 2.14931339,  1.27185416, -0.51054381]), FovY=0.30475505179402135, FovX=0.5330297222432568, image=<PIL.PngImagePlugin.PngImageFile image mode=RGB size=3840x2160 at 0x7F1EDF7A5AD0>, image_path='/home/vrlab/hongyu/data/jywq/output_dense/images/0030.png', image_name='0030', width=3840, height=2160)
CameraInfo(uid=1, R=array([[ 0.47165903, -0.10136516,  0.87593542],
       [ 0.05164492, -0.98848987, -0.1421991 ],
       [ 0.88026732,  0.11230711, -0.46099518]]), T=array([3.82046311, 1.10653716, 0.97381793]), FovY=0.30475505179402135, FovX=0.5330297222432568, image=<PIL.PngImagePlugin.PngImageFile image mode=RGB size=3840x2160 at 0x7F1EDF7A5E10>, image_path='/home/vrlab/hongyu/data/jywq/output_dense/images/0031.png', image_name='0031', width=3840, height=2160)
CameraInfo(uid=1, R=array([[-0.05227024, -0.08833441,  0.99471848],
       [ 0.09378153, -0.99211237, -0.08317496],
       [ 0.99421972,  0.08893864,  0.06014209]]), T=array([4.39790694, 1.0550954 , 3.21528299]), FovY=0.30475505179402135, FovX=0.5330297222432568, image=<PIL.PngImagePlugin.PngImageFile image mode=RGB size=3840x2160 at 0x7F1EDF7A5B10>, image_path='/home/vrlab/hongyu/data/jywq/output_dense/images/0032.png', image_name='0032', width=3840, height=2160)
CameraInfo(uid=1, R=array([[-0.53366459, -0.06538181,  0.84316507],
       [ 0.080417  , -0.99641251, -0.02636678],
       [ 0.84186413,  0.05373379,  0.53700788]]), T=array([3.95482474, 0.9314436 , 5.38071012]), FovY=0.30475505179402135, FovX=0.5330297222432568, image=<PIL.PngImagePlugin.PngImageFile image mode=RGB size=3840x2160 at 0x7F1EDF7A5590>, image_path='/home/vrlab/hongyu/data/jywq/output_dense/images/0033.png', image_name='0033', width=3840, height=2160)
CameraInfo(uid=1, R=array([[-0.8033426 , -0.14887638,  0.57660774],
       [ 0.06310895, -0.98407768, -0.16615771],
       [ 0.59216377, -0.09709246,  0.79994695]]), T=array([2.71534137, 0.31907279, 6.617189  ]), FovY=0.30475505179402135, FovX=0.5330297222432568, image=<PIL.PngImagePlugin.PngImageFile image mode=RGB size=3840x2160 at 0x7F1EDF7A5D90>, image_path='/home/vrlab/hongyu/data/jywq/output_dense/images/0034.png', image_name='0034', width=3840, height=2160)
CameraInfo(uid=1, R=array([[-0.41416826, -0.21187708,  0.88519645],
       [ 0.09847312, -0.97725139, -0.18783709],
       [ 0.90485783,  0.0093719 ,  0.42561071]]), T=array([3.96265909, 0.85589141, 4.96912192]), FovY=0.30475505179402135, FovX=0.5330297222432568, image=<PIL.PngImagePlugin.PngImageFile image mode=RGB size=3840x2160 at 0x7F1EDF7A5110>, image_path='/home/vrlab/hongyu/data/jywq/output_dense/images/0035.png', image_name='0035', width=3840, height=2160)
CameraInfo(uid=1, R=array([[ 0.09460655, -0.22725846,  0.96922814],
       [ 0.07502492, -0.96919861, -0.23457474],
       [ 0.99268367,  0.09490857, -0.07464249]]), T=array([4.22459541, 1.24283912, 2.85886648]), FovY=0.30475505179402135, FovX=0.5330297222432568, image=<PIL.PngImagePlugin.PngImageFile image mode=RGB size=3840x2160 at 0x7F1EDF7A5ED0>, image_path='/home/vrlab/hongyu/data/jywq/output_dense/images/0036.png', image_name='0036', width=3840, height=2160)
CameraInfo(uid=1, R=array([[ 0.64159467, -0.19259572,  0.74247099],
       [ 0.07092799, -0.94892047, -0.30743968],
       [ 0.76375749,  0.24991364, -0.59516189]]), T=array([3.292756  , 1.78904815, 0.58174274]), FovY=0.30475505179402135, FovX=0.5330297222432568, image=<PIL.PngImagePlugin.PngImageFile image mode=RGB size=3840x2160 at 0x7F1EDF7B8490>, image_path='/home/vrlab/hongyu/data/jywq/output_dense/images/0037.png', image_name='0037', width=3840, height=2160)
CameraInfo(uid=1, R=array([[ 0.925699  , -0.08206394,  0.36925178],
       [ 0.03407291, -0.95412374, -0.29746752],
       [ 0.37672325,  0.28794686, -0.88043523]]), T=array([ 1.45513626,  2.01464682, -0.62143386]), FovY=0.30475505179402135, FovX=0.5330297222432568, image=<PIL.PngImagePlugin.PngImageFile image mode=RGB size=3840x2160 at 0x7F1EDF7B8310>, image_path='/home/vrlab/hongyu/data/jywq/output_dense/images/0038.png', image_name='0038', width=3840, height=2160)
CameraInfo(uid=1, R=array([[ 0.99497537, -0.02185924, -0.09770463],
       [-0.05105664, -0.95022811, -0.30734306],
       [-0.0861234 ,  0.31078725, -0.94656962]]), T=array([-0.65994492,  2.05264318, -0.69472704]), FovY=0.30475505179402135, FovX=0.5330297222432568, image=<PIL.PngImagePlugin.PngImageFile image mode=RGB size=3840x2160 at 0x7F1EDF7B84D0>, image_path='/home/vrlab/hongyu/data/jywq/output_dense/images/0039.png', image_name='0039', width=3840, height=2160)
CameraInfo(uid=1, R=array([[ 0.80384643,  0.12875441, -0.58073507],
       [-0.05147486, -0.95757375, -0.28355396],
       [-0.59260548,  0.25782709, -0.76311463]]), T=array([-2.79705583,  1.79572152,  0.14478102]), FovY=0.30475505179402135, FovX=0.5330297222432568, image=<PIL.PngImagePlugin.PngImageFile image mode=RGB size=3840x2160 at 0x7F1EDF7B81D0>, image_path='/home/vrlab/hongyu/data/jywq/output_dense/images/0040.png', image_name='0040', width=3840, height=2160)
CameraInfo(uid=1, R=array([[ 0.39471844,  0.17980996, -0.90103592],
       [-0.08357205, -0.96957248, -0.23009761],
       [-0.91499348,  0.16612519, -0.36768105]]), T=array([-4.11759273,  1.42193133,  1.78012763]), FovY=0.30475505179402135, FovX=0.5330297222432568, image=<PIL.PngImagePlugin.PngImageFile image mode=RGB size=3840x2160 at 0x7F1EDF7B8410>, image_path='/home/vrlab/hongyu/data/jywq/output_dense/images/0041.png', image_name='0041', width=3840, height=2160)
CameraInfo(uid=1, R=array([[-0.17840885,  0.19522938, -0.96439399],
       [-0.0744969 , -0.97998548, -0.18460407],
       [-0.98113225,  0.03890936,  0.18938206]]), T=array([-4.16204984,  0.84344267,  4.28722067]), FovY=0.30475505179402135, FovX=0.5330297222432568, image=<PIL.PngImagePlugin.PngImageFile image mode=RGB size=3840x2160 at 0x7F1EDF7B8110>, image_path='/home/vrlab/hongyu/data/jywq/output_dense/images/0042.png', image_name='0042', width=3840, height=2160)
CameraInfo(uid=1, R=array([[-0.66395057,  0.13990534, -0.73457208],
       [-0.0488653 , -0.9883597 , -0.14407388],
       [-0.74617815, -0.05976285,  0.6630585 ]]), T=array([-2.983965  ,  0.42371465,  6.3950943 ]), FovY=0.30475505179402135, FovX=0.5330297222432568, image=<PIL.PngImagePlugin.PngImageFile image mode=RGB size=3840x2160 at 0x7F1EDF7B8650>, image_path='/home/vrlab/hongyu/data/jywq/output_dense/images/0043.png', image_name='0043', width=3840, height=2160)
CameraInfo(uid=1, R=array([[-0.94885729,  0.04311553, -0.31274734],
       [ 0.00337094, -0.98919047, -0.1465976 ],
       [-0.31568732, -0.14015445,  0.93845524]]), T=array([-1.16287174,  0.03291758,  7.62919805]), FovY=0.30475505179402135, FovX=0.5330297222432568, image=<PIL.PngImagePlugin.PngImageFile image mode=RGB size=3840x2160 at 0x7F1EDF7B8810>, image_path='/home/vrlab/hongyu/data/jywq/output_dense/images/0044.png', image_name='0044', width=3840, height=2160)
CameraInfo(uid=1, R=array([[-0.9782839 , -0.07609561,  0.1927954 ],
       [ 0.04823216, -0.98821085, -0.14530303],
       [ 0.20157943, -0.13284867,  0.97042102]]), T=array([1.04547133, 0.10866078, 7.43736047]), FovY=0.30475505179402135, FovX=0.5330297222432568, image=<PIL.PngImagePlugin.PngImageFile image mode=RGB size=3840x2160 at 0x7F1EDF7B8090>, image_path='/home/vrlab/hongyu/data/jywq/output_dense/images/0045.png', image_name='0045', width=3840, height=2160)
CameraInfo(uid=1, R=array([[-0.93277861, -0.17967124,  0.31247768],
       [ 0.07182048, -0.942171  , -0.32734634],
       [ 0.35322213, -0.28289937,  0.89174103]]), T=array([ 1.61317628, -0.75364147,  8.97368562]), FovY=0.30475505179402135, FovX=0.5330297222432568, image=<PIL.PngImagePlugin.PngImageFile image mode=RGB size=3840x2160 at 0x7F1EDF7B8A50>, image_path='/home/vrlab/hongyu/data/jywq/output_dense/images/0046.png', image_name='0046', width=3840, height=2160)
CameraInfo(uid=1, R=array([[-0.99219607,  0.01541159, -0.12373131],
       [ 0.02732027, -0.94134734, -0.33633137],
       [-0.12165754, -0.33708704,  0.93358008]]), T=array([-0.23931525, -1.17335986, 10.50407956]), FovY=0.30475505179402135, FovX=0.5330297222432568, image=<PIL.PngImagePlugin.PngImageFile image mode=RGB size=3840x2160 at 0x7F1EDF7B8B90>, image_path='/home/vrlab/hongyu/data/jywq/output_dense/images/0047.png', image_name='0047', width=3840, height=2160)
CameraInfo(uid=1, R=array([[-0.72524781,  0.23849177, -0.64586167],
       [-0.0227755 , -0.94588437, -0.32370362],
       [-0.68811111, -0.22005552,  0.69143234]]), T=array([-3.20882239, -0.62916117,  8.60168449]), FovY=0.30475505179402135, FovX=0.5330297222432568, image=<PIL.PngImagePlugin.PngImageFile image mode=RGB size=3840x2160 at 0x7F1EDF7B86D0>, image_path='/home/vrlab/hongyu/data/jywq/output_dense/images/0048.png', image_name='0048', width=3840, height=2160)
CameraInfo(uid=1, R=array([[-0.30860506,  0.35859678, -0.88100583],
       [-0.08413557, -0.93287459, -0.35023736],
       [-0.94746194, -0.03396109,  0.31806056]]), T=array([-4.26196706,  0.18536944,  6.84509193]), FovY=0.30475505179402135, FovX=0.5330297222432568, image=<PIL.PngImagePlugin.PngImageFile image mode=RGB size=3840x2160 at 0x7F1EDF7B8A10>, image_path='/home/vrlab/hongyu/data/jywq/output_dense/images/0049.png', image_name='0049', width=3840, height=2160)
CameraInfo(uid=1, R=array([[ 0.18478874,  0.36805154, -0.91125802],
       [-0.05948395, -0.92133786, -0.38418513],
       [-0.98097644,  0.12519831, -0.1483597 ]]), T=array([-4.45927286,  0.93878605,  4.62741551]), FovY=0.30475505179402135, FovX=0.5330297222432568, image=<PIL.PngImagePlugin.PngImageFile image mode=RGB size=3840x2160 at 0x7F1EDF7B8D50>, image_path='/home/vrlab/hongyu/data/jywq/output_dense/images/0050.png', image_name='0050', width=3840, height=2160)
CameraInfo(uid=1, R=array([[ 0.66512342,  0.25859313, -0.70052868],
       [-0.09582724, -0.90080933, -0.42350879],
       [-0.74055923,  0.34881534, -0.57436912]]), T=array([-3.49227713,  1.97464115,  2.51059403]), FovY=0.30475505179402135, FovX=0.5330297222432568, image=<PIL.PngImagePlugin.PngImageFile image mode=RGB size=3840x2160 at 0x7F1EDF7B8550>, image_path='/home/vrlab/hongyu/data/jywq/output_dense/images/0051.png', image_name='0051', width=3840, height=2160)
CameraInfo(uid=1, R=array([[ 0.91398469,  0.11453748, -0.38924691],
       [-0.0796523 , -0.89001445, -0.4489207 ],
       [-0.39785362,  0.44131106, -0.8043364 ]]), T=array([-2.03591248,  2.34411705,  1.69104718]), FovY=0.30475505179402135, FovX=0.5330297222432568, image=<PIL.PngImagePlugin.PngImageFile image mode=RGB size=3840x2160 at 0x7F1EDF7B8E50>, image_path='/home/vrlab/hongyu/data/jywq/output_dense/images/0052.png', image_name='0052', width=3840, height=2160)
CameraInfo(uid=1, R=array([[ 0.99925909, -0.02859166,  0.02576408],
       [-0.01406217, -0.89436405, -0.44711877],
       [ 0.03582634,  0.4464252 , -0.89410347]]), T=array([-0.12473307,  2.52194089,  0.75851887]), FovY=0.30475505179402135, FovX=0.5330297222432568, image=<PIL.PngImagePlugin.PngImageFile image mode=RGB size=3840x2160 at 0x7F1EDF7B8990>, image_path='/home/vrlab/hongyu/data/jywq/output_dense/images/0053.png', image_name='0053', width=3840, height=2160)
CameraInfo(uid=1, R=array([[ 0.82987053, -0.17355404,  0.53027719],
       [ 0.10249474, -0.88680122, -0.45064223],
       [ 0.54846124,  0.42832533, -0.71814183]]), T=array([1.94621892, 2.45106727, 1.47822084]), FovY=0.30475505179402135, FovX=0.5330297222432568, image=<PIL.PngImagePlugin.PngImageFile image mode=RGB size=3840x2160 at 0x7F1EDF7B8FD0>, image_path='/home/vrlab/hongyu/data/jywq/output_dense/images/0054.png', image_name='0054', width=3840, height=2160)
CameraInfo(uid=1, R=array([[ 0.47356921, -0.3484084 ,  0.80891519],
       [ 0.10919157, -0.88812214, -0.4464485 ],
       [ 0.8739619 ,  0.29975099, -0.38254404]]), T=array([3.7435441 , 1.79997591, 3.85285881]), FovY=0.30475505179402135, FovX=0.5330297222432568, image=<PIL.PngImagePlugin.PngImageFile image mode=RGB size=3840x2160 at 0x7F1EDF7B8D90>, image_path='/home/vrlab/hongyu/data/jywq/output_dense/images/0055.png', image_name='0055', width=3840, height=2160)
CameraInfo(uid=1, R=array([[-0.5625857 , -0.35009676,  0.74895233],
       [ 0.09925603, -0.92796102, -0.35921662],
       [ 0.82075914, -0.1277521 ,  0.55680682]]), T=array([ 3.79654928, -0.02285645,  7.48080719]), FovY=0.30475505179402135, FovX=0.5330297222432568, image=<PIL.PngImagePlugin.PngImageFile image mode=RGB size=3840x2160 at 0x7F1EDF7B80D0>, image_path='/home/vrlab/hongyu/data/jywq/output_dense/images/0056.png', image_name='0056', width=3840, height=2160)
CameraInfo(uid=1, R=array([[-0.73430604, -0.35797315,  0.57675807],
       [ 0.10502646, -0.8993314 , -0.42446729],
       [ 0.67064453, -0.25111403,  0.69798113]]), T=array([ 3.15185855, -0.38177858,  6.69622103]), FovY=0.30475505179402135, FovX=0.5330297222432568, image=<PIL.PngImagePlugin.PngImageFile image mode=RGB size=3840x2160 at 0x7F1EDF7B8ED0>, image_path='/home/vrlab/hongyu/data/jywq/output_dense/images/0057.png', image_name='0057', width=3840, height=2160)
CameraInfo(uid=1, R=array([[-0.35810386, -0.37972364,  0.85297806],
       [ 0.11342401, -0.9244903 , -0.36394048],
       [ 0.92676675, -0.0335803 ,  0.37413333]]), T=array([4.25135377, 0.99726806, 6.02490567]), FovY=0.30475505179402135, FovX=0.5330297222432568, image=<PIL.PngImagePlugin.PngImageFile image mode=RGB size=3840x2160 at 0x7F1EDF748450>, image_path='/home/vrlab/hongyu/data/jywq/output_dense/images/0058.png', image_name='0058', width=3840, height=2160)
CameraInfo(uid=1, R=array([[ 0.15916244, -0.46810912,  0.86921871],
       [ 0.10537383, -0.86735779, -0.48640192],
       [ 0.98161279,  0.16900982, -0.08872432]]), T=array([4.31867919, 1.56666274, 3.25177963]), FovY=0.30475505179402135, FovX=0.5330297222432568, image=<PIL.PngImagePlugin.PngImageFile image mode=RGB size=3840x2160 at 0x7F1EDF748310>, image_path='/home/vrlab/hongyu/data/jywq/output_dense/images/0059.png', image_name='0059', width=3840, height=2160)
CameraInfo(uid=1, R=array([[ 0.61454167, -0.3983879 ,  0.6809006 ],
       [ 0.06899405, -0.83266908, -0.54945612],
       [ 0.78586154,  0.38464178, -0.48422344]]), T=array([3.23111456, 2.34837578, 1.63564941]), FovY=0.30475505179402135, FovX=0.5330297222432568, image=<PIL.PngImagePlugin.PngImageFile image mode=RGB size=3840x2160 at 0x7F1EDF748510>, image_path='/home/vrlab/hongyu/data/jywq/output_dense/images/0060.png', image_name='0060', width=3840, height=2160)
CameraInfo(uid=1, R=array([[ 0.86262862, -0.22336278,  0.45385123],
       [ 0.02060344, -0.88096724, -0.47272849],
       [ 0.50541802,  0.41714002, -0.7553455 ]]), T=array([ 1.81456709,  2.8313159 , -0.15023595]), FovY=0.30475505179402135, FovX=0.5330297222432568, image=<PIL.PngImagePlugin.PngImageFile image mode=RGB size=3840x2160 at 0x7F1EDF7485D0>, image_path='/home/vrlab/hongyu/data/jywq/output_dense/images/0061.png', image_name='0061', width=3840, height=2160)
CameraInfo(uid=1, R=array([[ 9.93394941e-01,  5.81543995e-02, -9.89169221e-02],
       [-8.99654054e-04, -8.58082275e-01, -5.13511441e-01],
       [-1.14741807e-01,  5.10208658e-01, -8.52362272e-01]]), T=array([-0.735158  ,  3.03832527,  0.20266996]), FovY=0.30475505179402135, FovX=0.5330297222432568, image=<PIL.PngImagePlugin.PngImageFile image mode=RGB size=3840x2160 at 0x7F1EDF7486D0>, image_path='/home/vrlab/hongyu/data/jywq/output_dense/images/0062.png', image_name='0062', width=3840, height=2160)
CameraInfo(uid=1, R=array([[ 0.81883471,  0.21785822, -0.53108145],
       [-0.10091009, -0.85614337, -0.50678959],
       [-0.56509014,  0.46856838, -0.67905582]]), T=array([-2.70251507,  2.75163504,  0.98544711]), FovY=0.30475505179402135, FovX=0.5330297222432568, image=<PIL.PngImagePlugin.PngImageFile image mode=RGB size=3840x2160 at 0x7F1EDF748710>, image_path='/home/vrlab/hongyu/data/jywq/output_dense/images/0063.png', image_name='0063', width=3840, height=2160)
CameraInfo(uid=1, R=array([[ 0.36998717,  0.4155612 , -0.83091418],
       [-0.08012001, -0.87677786, -0.4741744 ],
       [-0.92557565,  0.24201129, -0.29110179]]), T=array([-4.16541701,  1.67363117,  2.77919815]), FovY=0.30475505179402135, FovX=0.5330297222432568, image=<PIL.PngImagePlugin.PngImageFile image mode=RGB size=3840x2160 at 0x7F1EDF748390>, image_path='/home/vrlab/hongyu/data/jywq/output_dense/images/0064.png', image_name='0064', width=3840, height=2160)
CameraInfo(uid=1, R=array([[-0.07644407,  0.4850319 , -0.87114888],
       [-0.12589393, -0.87140828, -0.47412902],
       [-0.98909404,  0.073428  ,  0.12767656]]), T=array([-4.45868743,  0.75312885,  4.81380801]), FovY=0.30475505179402135, FovX=0.5330297222432568, image=<PIL.PngImagePlugin.PngImageFile image mode=RGB size=3840x2160 at 0x7F1EDF748C50>, image_path='/home/vrlab/hongyu/data/jywq/output_dense/images/0065.png', image_name='0065', width=3840, height=2160)
CameraInfo(uid=1, R=array([[-0.66310689,  0.33429348, -0.66972914],
       [-0.05376113, -0.91369144, -0.40283706],
       [-0.74659158, -0.23111863,  0.62384708]]), T=array([-3.00855454, -0.42700525,  6.75122825]), FovY=0.30475505179402135, FovX=0.5330297222432568, image=<PIL.PngImagePlugin.PngImageFile image mode=RGB size=3840x2160 at 0x7F1EDF748C10>, image_path='/home/vrlab/hongyu/data/jywq/output_dense/images/0066.png', image_name='0066', width=3840, height=2160)
CameraInfo(uid=1, R=array([[-0.95962192,  0.09927655, -0.26319184],
       [ 0.00151725, -0.93380961, -0.35776713],
       [-0.28128895, -0.3437205 ,  0.89595354]]), T=array([-0.94412157, -0.70963512,  6.92084679]), FovY=0.30475505179402135, FovX=0.5330297222432568, image=<PIL.PngImagePlugin.PngImageFile image mode=RGB size=3840x2160 at 0x7F1EDF748E10>, image_path='/home/vrlab/hongyu/data/jywq/output_dense/images/0067.png', image_name='0067', width=3840, height=2160)
CameraInfo(uid=1, R=array([[-0.94606584, -0.18670929,  0.26476228],
       [ 0.08688363, -0.93351477, -0.34785257],
       [ 0.3121068 , -0.30608793,  0.89938842]]), T=array([ 1.78183476, -0.33315529,  6.31860749]), FovY=0.30475505179402135, FovX=0.5330297222432568, image=<PIL.PngImagePlugin.PngImageFile image mode=RGB size=3840x2160 at 0x7F1EDF748DD0>, image_path='/home/vrlab/hongyu/data/jywq/output_dense/images/0068.png', image_name='0068', width=3840, height=2160)
CameraInfo(uid=1, R=array([[-0.9988973 , -0.04415561,  0.01595227],
       [ 0.02569991, -0.7986186 , -0.60128849],
       [ 0.03929004, -0.60021547,  0.79887276]]), T=array([ 0.33231305, -1.99395111,  6.60389   ]), FovY=0.30475505179402135, FovX=0.5330297222432568, image=<PIL.PngImagePlugin.PngImageFile image mode=RGB size=3840x2160 at 0x7F1EDF748A90>, image_path='/home/vrlab/hongyu/data/jywq/output_dense/images/0069.png', image_name='0069', width=3840, height=2160)
CameraInfo(uid=1, R=array([[-0.98109106,  0.11111429, -0.1584738 ],
       [ 0.00981987, -0.78915704, -0.61411296],
       [-0.19329744, -0.60405693,  0.77314379]]), T=array([-0.54392378, -2.0973966 ,  6.55673666]), FovY=0.30475505179402135, FovX=0.5330297222432568, image=<PIL.PngImagePlugin.PngImageFile image mode=RGB size=3840x2160 at 0x7F1EDF748050>, image_path='/home/vrlab/hongyu/data/jywq/output_dense/images/0070.png', image_name='0070', width=3840, height=2160)
CameraInfo(uid=1, R=array([[-0.03003743,  0.68619046, -0.72680149],
       [-0.07421796, -0.7266535 , -0.68298345],
       [-0.99678957,  0.03342666,  0.07275446]]), T=array([-4.32897635,  0.33975815,  4.64291564]), FovY=0.30475505179402135, FovX=0.5330297222432568, image=<PIL.PngImagePlugin.PngImageFile image mode=RGB size=3840x2160 at 0x7F1EDF748290>, image_path='/home/vrlab/hongyu/data/jywq/output_dense/images/0071.png', image_name='0071', width=3840, height=2160)
CameraInfo(uid=1, R=array([[ 0.35241149,  0.61215221, -0.70786709],
       [-0.05655145, -0.74108131, -0.66902947],
       [-0.93413493,  0.27580458, -0.22654747]]), T=array([-4.37188631,  1.60770421,  2.7481099 ]), FovY=0.30475505179402135, FovX=0.5330297222432568, image=<PIL.PngImagePlugin.PngImageFile image mode=RGB size=3840x2160 at 0x7F1EDF748A10>, image_path='/home/vrlab/hongyu/data/jywq/output_dense/images/0072.png', image_name='0072', width=3840, height=2160)
CameraInfo(uid=1, R=array([[ 0.99822161,  0.02038448,  0.05601861],
       [ 0.05310666, -0.7309683 , -0.68034185],
       [ 0.02707941,  0.6821069 , -0.7307509 ]]), T=array([-0.31725594,  3.78968284, -0.12261575]), FovY=0.30475505179402135, FovX=0.5330297222432568, image=<PIL.PngImagePlugin.PngImageFile image mode=RGB size=3840x2160 at 0x7F1EDF748ED0>, image_path='/home/vrlab/hongyu/data/jywq/output_dense/images/0073.png', image_name='0073', width=3840, height=2160)
CameraInfo(uid=1, R=array([[ 0.92925847, -0.25508919,  0.26722313],
       [ 0.00429365, -0.71583224, -0.6982591 ],
       [ 0.36940528,  0.65001055, -0.66409791]]), T=array([1.31039532, 3.63969631, 0.17569359]), FovY=0.30475505179402135, FovX=0.5330297222432568, image=<PIL.PngImagePlugin.PngImageFile image mode=RGB size=3840x2160 at 0x7F1EDF7483D0>, image_path='/home/vrlab/hongyu/data/jywq/output_dense/images/0074.png', image_name='0074', width=3840, height=2160)
CameraInfo(uid=1, R=array([[-0.02101863, -0.60662078,  0.79471344],
       [ 0.02518128, -0.79495808, -0.60614153],
       [ 0.99946192,  0.00727164,  0.03198442]]), T=array([4.33910614, 0.97549132, 2.39483114]), FovY=0.30475505179402135, FovX=0.5330297222432568, image=<PIL.PngImagePlugin.PngImageFile image mode=RGB size=3840x2160 at 0x7F1EDF748A50>, image_path='/home/vrlab/hongyu/data/jywq/output_dense/images/0075.png', image_name='0075', width=3840, height=2160)
CameraInfo(uid=1, R=array([[-0.13957869, -0.65179332,  0.74544165],
       [ 0.06100369, -0.75704114, -0.65051308],
       [ 0.98833008, -0.04532307,  0.14542861]]), T=array([4.7418303 , 0.67139231, 3.74508149]), FovY=0.30475505179402135, FovX=0.5330297222432568, image=<PIL.PngImagePlugin.PngImageFile image mode=RGB size=3840x2160 at 0x7F1EDF748AD0>, image_path='/home/vrlab/hongyu/data/jywq/output_dense/images/0076.png', image_name='0076', width=3840, height=2160)
CameraInfo(uid=1, R=array([[-0.90338515,  0.18937908, -0.38474775],
       [ 0.261277  , -0.46837052, -0.84401622],
       [-0.34004352, -0.86299746,  0.37363858]]), T=array([-24.20373603, -37.39130954,  59.34395271]), FovY=0.8246333357513038, FovX=1.321838815506769, image=<PIL.PngImagePlugin.PngImageFile image mode=RGB size=2560x1440 at 0x7F9D41B118D0>, image_path='/home/vrlab/hongyu/data/0712_scene_culturesquare/output/images/0001.png', image_name='0001', width=2560, height=1440)
CameraInfo(uid=1, R=array([[-0.90334921,  0.18940628, -0.38481874],
       [ 0.26140421, -0.4681881 , -0.84407804],
       [-0.34004124, -0.86309047,  0.37342575]]), T=array([-24.21344585, -37.40521639,  59.32136739]), FovY=0.8246333357513038, FovX=1.321838815506769, image=<PIL.PngImagePlugin.PngImageFile image mode=RGB size=2560x1440 at 0x7F9D41B33050>, image_path='/home/vrlab/hongyu/data/0712_scene_culturesquare/output/images/0002.png', image_name='0002', width=2560, height=1440)
CameraInfo(uid=1, R=array([[-0.9033365 ,  0.18935607, -0.38487329],
       [ 0.26154202, -0.46801918, -0.84412903],
       [-0.33996903, -0.8631931 ,  0.37325424]]), T=array([-24.22249881, -37.4152071 ,  59.31405323]), FovY=0.8246333357513038, FovX=1.321838815506769, image=<PIL.PngImagePlugin.PngImageFile image mode=RGB size=2560x1440 at 0x7F9D41B22ED0>, image_path='/home/vrlab/hongyu/data/0712_scene_culturesquare/output/images/0003.png', image_name='0003', width=2560, height=1440)
CameraInfo(uid=1, R=array([[-0.90332705,  0.18915264, -0.38499549],
       [ 0.26172056, -0.46806447, -0.84404857],
       [-0.33985672, -0.86321314,  0.37331017]]), T=array([-24.22390543, -37.40192464,  59.31670526]), FovY=0.8246333357513038, FovX=1.321838815506769, image=<PIL.PngImagePlugin.PngImageFile image mode=RGB size=2560x1440 at 0x7F9D41B33550>, image_path='/home/vrlab/hongyu/data/0712_scene_culturesquare/output/images/0004.png', image_name='0004', width=2560, height=1440)
CameraInfo(uid=1, R=array([[-0.90307929,  0.18944765, -0.38543142],
       [ 0.26202435, -0.46802487, -0.84397628],
       [-0.34028082, -0.86316992,  0.37302367]]), T=array([-24.27798183, -37.38309047,  59.30274282]), FovY=0.8246333357513038, FovX=1.321838815506769, image=<PIL.PngImagePlugin.PngImageFile image mode=RGB size=2560x1440 at 0x7F9D41B33350>, image_path='/home/vrlab/hongyu/data/0712_scene_culturesquare/output/images/0005.png', image_name='0005', width=2560, height=1440)
CameraInfo(uid=1, R=array([[-0.9007122 ,  0.19177545, -0.38979445],
       [ 0.26489697, -0.46870057, -0.84270361],
       [-0.34430674, -0.86228879,  0.37136359]]), T=array([-24.68286725, -37.29199478,  59.17672451]), FovY=0.8246333357513038, FovX=1.321838815506769, image=<PIL.PngImagePlugin.PngImageFile image mode=RGB size=2560x1440 at 0x7F9D41B332D0>, image_path='/home/vrlab/hongyu/data/0712_scene_culturesquare/output/images/0006.png', image_name='0006', width=2560, height=1440)
CameraInfo(uid=1, R=array([[-0.89637605,  0.1961583 , -0.39753225],
       [ 0.2699109 , -0.46986702, -0.84046005],
       [-0.35165051, -0.86066655,  0.36823228]]), T=array([-25.35723904, -37.16119283,  58.9505923 ]), FovY=0.8246333357513038, FovX=1.321838815506769, image=<PIL.PngImagePlugin.PngImageFile image mode=RGB size=2560x1440 at 0x7F9D41B33650>, image_path='/home/vrlab/hongyu/data/0712_scene_culturesquare/output/images/0007.png', image_name='0007', width=2560, height=1440)
CameraInfo(uid=1, R=array([[-0.89057871,  0.206757  , -0.40511863],
       [ 0.27150954, -0.47292547, -0.83822674],
       [-0.36490017, -0.85650046,  0.36504086]]), T=array([-26.17465173, -36.83596753,  58.72158894]), FovY=0.8246333357513038, FovX=1.321838815506769, image=<PIL.PngImagePlugin.PngImageFile image mode=RGB size=2560x1440 at 0x7F9D41B33410>, image_path='/home/vrlab/hongyu/data/0712_scene_culturesquare/output/images/0008.png', image_name='0008', width=2560, height=1440)
CameraInfo(uid=1, R=array([[-0.8858002 ,  0.22053821, -0.40831472],
       [ 0.26718567, -0.47703284, -0.83728818],
